5314613728
5974527557
6204883835
6528775341
2689037902
6323908827
6326983383
6355806845
6884114314
5487114617
5549029863
6132870860
5228595944
6030002955
6581168813
6442832826
6301028540
2185007941
6450516863
6093303258
6369742937
6416306676
5995359542
6066352397
5893038441
6611523734
6294423778
5347597496
5710844954
6299515919
5847758065
5319868996
6823589113
5986036607
6133985126
6669272510
5303839136
5669523108
5000721411
5665331906
6391833706
6130717396
5210489878
2040271375
5995820791
6689349750
5898212388
6024051325
5730354290
6884606188
5926434620
5604238780
6291045967
5352868862
5635372591
6207377424
5890304535
6935913396
5571303492
6146696589
6365115992
5694603727
6162925070
2110120435
6837138274
6786145828
6142555027
5674372570
6319102329
5765382001
5831099812
5842595550
6352794015
1041572743
6522785416
6262048682
6489686175
6835508840
5912645768
3930272275
6549294682
6517263428
5690714930
6581859736
6886466600
6354585080
6319406322
5594552518
5610257961
5051778502
6100499815
6480798754
6537946285
6150537213
6183952349
6220024877
6061227257
5390271212
5671085838
6439302111
