6003403419
5844593313
5719036438
6111093258
6037964037
6487827200
6547423915
5457909141
6973577234
6286088388
6538301489
3968527346
6009525159
6530216240
6329510864
5203445733
3986059034
6112844722
5949031767
5165580350
6620831445
5833747681
6598108358
5977933009
6974900346
2143451080
6241025905
6346631371
1401388587
6980405783
6016421412
6666755114
5472221994
5404147819
6905853159
5370848961
6104414434
6527895822
6331296243
2160762205
6682148156
5327398326
5500979717
6231155469
6456258753
6333782531
6971787169
6583739692
1804329017
6298199274
6137937253
6342033468
6034843453
5563677041
6989311566
6314872836
5750720092
6030362549
5214976147
5984716162
6237890249
5766928998
5953452597
2260646405
6893667426
5628568778
2874521100
6459593065
5778622094
6486495621
5566882920
6605450494
5834254523
5828475883
6865621259
6296094589
6115624050
6557824810
6989145611
3627929641
6320252413
6343967210
6676256944
6503795242
6330875471
2647395427
5644590120
6235986037
6654382761
5966480505
6578368442
5544099222
5422488547
6990253372
6990866974
6910748872
5892018269
2134738337
2896387327
6101484763
