6499598356
6232222142
6597071177
6050918416
1886410350
6486649724
6124417390
6217180178
6631331750
5657278474
6780488390
5539829186
6624077171
6910864731
6610946193
5491500252
5583389041
5405207151
5123557583
5827509688
3612723240
5113019162
6597033797
6220625738
5629484754
5942983137
6601228663
5703647782
5648971615
6339584260
5860012837
6620640259
6508031508
6504807374
6225330417
5646977856
1748057237
6893891655
6572127308
6460906241
6288980010
3591319113
2970784062
6333349904
6571531380
5945615725
5884081019
6598587092
6522781600
6453659816
6341697885
2434890942
2327769957
6093769175
5854703260
2802585603
6548180855
6108147963
6574679237
6793444570
1870227970
6675040560
6037030862
6581810532
6808777779
2428870140
6884806776
5615016737
6477018319
5772184111
6359558536
3154929614
6604247621
3079540732
6615941383
5343837618
6990398345
1989603914
6525197696
6637511972
6994975083
6333948091
5792216045
5856141667
5884709441
6983556914
3736601755
5854088011
5060308093
6984315623
6197103923
6517698874
6566916470
6323971239
6100173014
6394781208
6548319966
5671751863
6993279300
6532300284
