6520609536
5984384621
5667117298
3479671967
6380361494
5803061177
7004909238
6186161456
5764516120
7005988342
6610655187
6734904766
6348649231
6567030467
3807820390
5825945452
5477988900
6611136696
5869791903
6874742726
6487892065
6369255386
6574315462
6605318614
6357258918
6101698714
6299497731
6650779632
6600428330
5890143857
2511479391
7009939433
6792724297
5955726943
6891393770
6533180643
7011309587
6463715046
5555924897
6166035772
3177955961
3865958812
6331269943
5210801025
5997594039
6317765171
6118467434
1839067722
6783080510
3557227842
6475784505
5985668943
3261811831
5761157132
3433707130
6017610221
5908930293
5540554460
2991820887
6036214906
5981975446
3870370605
6369039152
2369437885
6653594456
2414756800
6571538857
6357308794
6285725100
5498486583
5217282138
6374805894
6322952152
5563874515
5456747802
6369950528
5672920493
2098846853
5574843793
2634797721
5904076968
6369385698
5986595587
3251262285
5501983999
5492064525
5323757183
2332284360
5976978404
6611939091
3926970382
6441394103
6546497357
5318098215
5122395859
5311393511
5610763303
6359042999
5818452456
2867093832
