5147889895
6015485318
5148706836
5147889189
6015484554
6015050679
5148709530
6017045684
5108150573
5585662235
5107675397
5107675796
6017219812
5596337480
6016950059
6016950395
6016411984
6015056727
6015056794
5108153996
6015503834
5598264489
6016677019
6016848007
3142421903
5107678928
5146116092
5105423856
5147131189
6017091489
6016419385
5148925744
5145850381
5149230491
5103866656
5105424187
5105427001
5597635023
5597200130
6016891131
5585344147
5148693800
3917195301
6016461713
6016291849
5117939094
6016913638
5103377849
5596237129
5147804328
5146619934
6015497457
6015061999
5148113479
5107683324
5149132737
6016962121
5148484130
5147851644
5591177713
5579917692
5108167806
5147315101
5145756463
5150175799
5102531835
6016969769
5148937879
5597817539
5598018303
6015283780
5146513839
5591130940
6016812028
5594311659
6016643272
6017015558
3954969567
5105480632
6017121176
5103018667
6016924009
5590593510
5591137470
5146519826
6017230175
5596954262
5103835093
5105485507
5146995238
5581115370
6016756491
5146022113
5597971894
5145545292
5149465471
6017231913
5103838966
5148556480
6016759045
5581118216
6017066352
5597711224
6015071689
5104960931
5103405306
5148557253
5596892542
5103406771
5147582106
6016696216
5596527647
5148495389
5596805861
6017069640
6017069767
6016971162
5107698311
5104966974
5102972484
5102972784
5149144495
5102972991
6016370216
5102974776
6017281296
5581165317
5598301485
5148341956
5149148613
5102541656
6017283944
5105446466
3942744413
3954970858
5102542206
5594750225
5102542674
5598304720
6017286240
5145610899
5145610066
6015291944
5105448253
5594581461
5103390302
5598137678
6016483998
5148347064
5580708966
6015296690
6015296778
5103393155
6017028081
6017028129
6017131033
5148900360
6017306575
5146633446
5103395438
5103396357
5147008828
6016764230
5146464933
6017136830
6016592687
5147820909
5596796187
6016870545
6016502626
5148905970
6016765805
5581126347
6017309711
5146033339
6016333240
5594264878
5591428758
6016871472
5145558283
6016767413
5145557755
6015081720
5596536828
6016507644
5147117618
6015082349
5594609925
6017074617
6017078828
6016508145
5147590906
5598464640
6016611408
6015703884
6015257935
6016444660
5598201236
6016878155
5103892220
6015086881
6015086536
6015703651
6015703565
5148678113
5596107524
5149154461
5594651546
5598033450
5579591415
6015259951
6017292095
6016619610
5105454282
5146082628
5148351673
5148957532
5147874627
5105455056
5148353809
6016384460
6016833679
6016833733
5145517935
6016386335
6016664903
6016941437
5596970560
6016665022
5590242614
6017209691
5590952217
5618195965
5148899567
5598255503
5102494888
6016497697
6016497818
6017143652
5107668869
6016942022
5145562704
6015690292
5148742049
6015690336
5593966692
5147830033
5147830612
6017149192
6017149249
5147834237
5148915768
6016340291
6016882605
6015261208
6015261280
5147835018
5591437287
6015260511
5597627253
5594381583
6015262003
5108190960
5594382558
5149938525
6016900190
6016900270
6016625659
5103361064
5145847777
5145782202
5593819071
5594493618
5597844108
5104987012
5104987841
5105463317
5102996086
5149167985
5594666023
5146094289
5148968647
6016908291
6017041110
5597952137
5145800949
