5252706122
3026282365
1817829510
5729109811
5459411717
1197561423
1869772267
3986420678
1304363924
2957474983
5776936649
5974272551
6048471158
5967322405
2138211303
5134536354
6045806164
2158644502
5778869956
5099537980
5310939889
2963255835
3305156704
1610413023
5858155452
3957361146
1660328615
1622814794
3820896077
5408105785
1663877403
5189942419
5134218464
1155647483
5616281070
2310570975
2091593220
5819739914
3665686147
5827443169
2039670205
1740542803
6412470194
2502580807
3003565060
5945494770
5637920159
1027344103
2179518930
5911124139
6064344982
1661739084
5401874998
5643425206
5726602120
5155993025
2673297745
5943354500
3685366443
2862467524
3267865674
3954966236
6421111334
6054264023
5828148531
3199838835
2660821871
5901049050
3694606623
2708513891
6228932839
1936652822
3047492150
2231175614
5237513492
3979756306
3880539396
5490942238
6394199236
1833431473
5903819899
3536658235
5192238745
2090482415
2608138182
2100637293
5637228792
3263417474
2415158680
1825774487
5774089298
5880358634
2691590140
2905980337
1663359242
6504305621
1828893967
3164053391
5346674317
1456677364
5881051207
2944080902
1914130587
3455643694
3138126243
2403532442
5780702211
5819698652
6524412681
2246488164
3221436574
2453660967
5907207020
2130839002
2278990123
5158482697
1826154394
3978257070
2972137172
3824641388
3571017375
6035814610
2670324071
5246148811
5819933749
5149374832
2674418862
5819488517
5912552152
2812856822
2646694700
5977334914
5134785837
2967936762
6049713302
1322962170
5134527258
3835088537
5820007119
5819982806
2369621527
2307749045
3003550282
5148703067
1192068784
1801505984
3388580634
