3738381310
3738381681
3738381693
3738381082
3738382064
3737970734
3737970354
3737970372
3737972915
3737972093
3737971955
3737971220
3737970852
3737970972
3737974722
3737973870
3737975591
3737975531
3737975135
3737979153
3737978695
3737978037
3737977955
3737977734
3737977790
3737977717
3737977830
3737977285
3737977073
3737979560
3738840035
3738840200
3738840140
3738840165
3738840651
3738840594
3738841355
3738841043
3737484123
3737484462
3737484472
3738841781
3738841561
3737483650
3737483617
3737483611
3737483811
3737483850
3737483945
3737483912
3737483915
3738842604
3738842634
3738842433
3737483450
3737487282
3737487412
3738842763
3738843571
3738843312
3738843333
3738843387
3738843225
3737486777
3737486280
3737486360
3737486383
3737486513
3737486614
3737486067
3737486163
3738844815
3738844734
3737485947
3737485663
3737485733
3738844477
3737485055
3737489521
3737489660
3737489055
3738845734
3737488671
3737488332
3738846484
3738847110
3738847625
3738848695
3738849522
3738849414
3738849432
3738849457
3738849297
3738849145
3737490530
3737490683
3737492311
3737491621
3737491421
3738850671
3738850347
3737494700
3738850131
3737494604
3737494123
3737493051
3737493142
3737493293
3737493277
3737493344
3738371010
3738371414
3738371610
3738372114
3738372445
3738372437
3738372430
3738373431
3738373620
3738374205
3738374863
3738375031
3738375151
3738376964
3738378051
3738378503
3738378653
3738379075
3738379122
3738379317
3738379681
3738379885
3737968783
3737968564
3737968620
3737968392
3737968413
3737968201
3737968043
2959181600
3737967740
3737967722
3737967824
