6383390490
6406686409
6406689566
2126417497
2583694161
6395968367
3296578894
6396550100
6221479969
6396550488
3403823212
3633517315
2241302987
3286833272
1919928635
1009483811
6396556383
1991956627
3729728322
6396555972
2650665227
6428186684
6396556128
6428461745
2532381231
6396558936
3477658191
1718680712
6428141519
6392701434
6392701009
3873667287
6392689619
6395973295
6395976301
6395976863
6395976733
1897615715
6392702713
6392706034
6395978321
2911579593
6395978843
6392705716
6392705344
6395979226
6414856223
2413325435
6428197471
1879226095
6396569917
6392691824
6392691242
3102980935
6392693363
1163530000
6392696451
2651438185
6392698351
6395982282
2985214045
1103158034
2270864633
6415171096
6422462373
6415409025
2785053045
2156673773
2133946553
1357606694
6381664504
3180908644
2582161983
6381665992
1717798074
1847878097
6428168264
6385049572
6385326517
6385328124
3135507723
3520452011
2258283055
6426562561
2566046155
6406675298
2698224204
6422477267
6196116731
2074602301
2084391691
6422479241
2366935147
1990646797
2644767583
6385053323
6385054647
6385330557
6406633456
6421418650
6385332112
6385057767
2809610627
6428451712
2205711871
6221253451
2528698607
3267350011
2601596937
3297097475
6415190315
