2815229305
2936790980
2936790992
2936790912
2936790920
2936790932
2936790952
2936790964
2936790960
2936790972
2936791430
2936791442
2936791462
2936791474
2936791470
2936791494
2936791402
2936791414
2936791410
2936791422
2936791314
2936791310
2936791334
2936791330
2936791342
2936791350
2936791370
2936791374
2936791382
2936791390
2936791394
2936791502
2936791510
2936791004
2936791000
2936791012
2936791020
2936791040
2936791052
2936791060
2936791064
2936791072
2936791084
2936791080
2936791092
2936791202
2936791214
2936791210
2936791222
2936791234
2936791230
2936791254
2936791250
2936791262
2936791270
2936791294
2936791100
2936791122
2936791134
2936791130
2936791142
2936791150
2936791154
2936791174
2936791182
2936791190
2936797240
2936797080
2936799072
2936799064
2936798314
2936814682
2936814674
2936814690
2936814670
2936814694
2936814710
2936814702
2936813650
2936813622
2936813634
2936813614
2936813300
2936813312
2936813342
2936813362
2936813354
2936813320
2936813324
2936813394
2936813220
2936813224
2936813240
2936813232
2936813204
2936813212
2936813272
2936813264
2936813284
2936813252
2936813244
2936813260
2936813292
2936813542
2936813550
2936813522
2936813534
2936813590
2936813594
2936813570
2936813562
2936813582
2936813502
2936813514
2936813510
2936813422
2936813434
2936813402
2936813410
2936813414
2936813470
2936813462
2936813482
2936813474
2936813454
2936813490
2936813494
2936813152
2936813160
2936813164
2936813124
2936813140
2936813132
2936813192
2936813172
2936813180
2936819620
2936822174
2936821330
2936821334
2815363833
2936836350
2936836342
2936836334
2936836322
2936836374
2936836362
2936836354
